4.163185202350689895e-01
-1.813906317500399434e-02
3.849389524843374599e-01
3.872308117716439790e-01
2.733097692928711520e-01
4.037301760113773397e-01
1.016393401171469535e-01
5.649995491455148122e-02
-1.431026723585772549e-02
-1.347742418273649712e-01
2.469248929355594147e-01
5.293573606810253462e-02
2.419484199438231078e-02
-2.073988347200621946e-02
-1.398974565002706894e-01
-1.259186162488221128e-01
-1.565624308398591846e-01
-8.110645900046045687e-02
-6.130830901618095768e-02
-8.169640986418792716e-02
-1.043854770646839430e-01
-9.784499490444757697e-02
7.647209370195312203e-03
2.616337021810082389e-02
3.204340742212940518e-01
2.405926269359063285e-01
-2.333013070327971117e-01
3.004284388661224159e-01
-4.125833056553902811e-02
2.771578454114836942e-01
-1.103720569229677956e-01
-2.243943613882348476e-01
1.880643492076068679e-02
7.948574360472782097e-01
-7.389050822411445674e-02
-5.710271565435767194e-01
-1.326612006894383466e-01
-1.137922388770959692e-01
-1.536866994963775879e-01
-9.442424602343610363e-03
-2.326998765879673484e-02
3.870688985666453363e-01
-9.254310011776428757e-02
-1.591710533743533884e-01
-1.203991651131787743e-01
-2.736305326982804154e-01
-6.854748228159243673e-02
3.291400964062855539e-01
4.027985214701982480e-02
4.189772512565296397e-02
3.595017474284545322e-02
-3.925501962668220823e-02
-1.405427915880827494e-01
7.179414350433839243e-01
-3.393439416042282608e-01
-1.513248372059641522e-01
-4.055588966205276313e-01
-2.536382909452018497e-01
2.200237767077655171e-01
-5.213567826332728833e-02
2.730872845959465833e-02
-1.607257189754537074e-01
-5.722812391627354889e-02
1.501917988809522153e-01
1.747822555298692015e-02
1.789352250735473313e-02
-1.794555138386679915e-03
-3.835454209951384696e-02
1.082293102038318217e-02
-3.979438589194421450e-02
-1.635978577210463192e-02
-3.627374388381925108e-02
2.404827921027371390e-02
2.798477882968273059e-02
2.454236363730804768e-02
-9.315792922855269456e-03
-3.246373466903439836e-02
-2.474478832481137591e-02
-4.524886877828039090e-03
-1.323775992960329537e-02
9.515404845128864336e-03
1.824586912297263127e-03
3.362278745854575812e-02
3.455585789478249348e-02
-1.789296896830436853e-03
3.004988377710550787e-02
-1.923896960110240209e-02
3.170276386597061652e-02
-8.646124156917078113e-03
-1.122097569891198354e-01
-2.274018758670009674e-02
-2.170548420120915062e-02
-2.146688551158518199e-02
2.443483978960204334e-02
-5.287497099739181701e-03
-2.175288039495455392e-02
-3.605739051508941029e-02
-2.396631142105931709e-04
-4.736978507613813158e-03
3.732642112431945602e-02
-7.637891214729249090e-03
-1.146452524323966077e-02
5.279920941309029087e-02
-2.848267369684887723e-02
1.747259593165905248e-02
8.782927125373526933e-03
