-1.337510942670673553e-01
6.467233957396286564e-03
-1.196516261744571680e-01
-1.252063360877527509e-01
-8.453965413977904131e-02
-1.223850246533744468e-01
-2.963884673228138825e-02
-1.748582784554253769e-02
7.682875380060982286e-03
4.876987886169158182e-02
-8.252659652988302008e-02
-1.866040172230834862e-02
-1.100249980890613891e-02
7.448610662880340502e-03
3.812765846018478788e-02
4.066058730515539898e-02
3.821782172905772990e-02
2.253762903413756083e-02
2.122913127681727921e-02
2.486209683486825459e-02
3.604635152633293288e-02
3.884150599941983695e-02
-4.091134704093525414e-03
-8.319845963335996018e-04
-9.839931936130075218e-02
-7.240563459492613263e-02
6.919209152694258402e-02
-1.030977254619107886e-01
1.112779777112682042e-02
-8.565523429516723464e-02
3.980290249104911915e-02
7.005267343245590028e-02
-6.294092459690774424e-03
-2.407904746297771514e-01
2.432543204380204979e-02
1.693284952168403468e-01
4.648398167884862375e-02
3.279395097805044845e-02
4.558450635783642402e-02
-2.134542188260002762e-03
1.157173608907441364e-02
-1.188180446093957399e-01
3.015110469722606309e-02
4.555806815663308862e-02
3.854267209286121876e-02
8.984635342808394709e-02
1.266097073444418311e-02
-1.032472697578358800e-01
-1.783767997868413585e-02
-1.150041591672679338e-02
-1.952133917242649883e-02
1.917300512870210097e-02
3.853599900920212651e-02
-2.178748889698951530e-01
9.629549302332487959e-02
4.032225436297965510e-02
1.248953118962031483e-01
8.635361200269263404e-02
-6.509169016475907510e-02
1.608387970986239340e-02
3.706041017325180983e-05
4.932457406767159352e-02
1.786313130906332439e-02
-5.034323347342664623e-02
-1.414346457306859400e-03
-5.824895300666106668e-03
-4.112971301864773617e-03
1.432783227591372284e-02
-1.570678472883211586e-03
1.870320723152507983e-02
7.466071681686832322e-04
1.390840294005929109e-02
-6.041589726567728712e-03
-2.108464395906715829e-03
-8.896897427278362830e-03
-3.291329795670832562e-03
1.581348991832344508e-02
-1.331869409913447435e-03
5.409686748307602870e-03
4.200728010080880502e-03
-1.204826887326734429e-03
7.889482547662352713e-04
-1.196406359048016003e-02
-5.011751887000428889e-03
-1.392584180663344190e-03
-8.564326785816379559e-03
1.711729986156480116e-02
-1.026673036658675049e-02
9.374043315865158987e-03
4.126790332106460707e-02
1.232782003281306278e-02
7.302074814723840020e-03
5.932782018406993103e-03
-7.172689882870003988e-03
2.531014058527892435e-03
5.873431661350334010e-04
3.810991548109589084e-03
-3.393117850539378692e-03
7.068474284708025322e-03
-7.465597014336269399e-04
-4.833497716136065346e-03
3.255598945702590195e-03
-2.727630942380455947e-02
1.911710735551121892e-02
-9.857991898241434767e-04
3.993210062861018116e-03
