6.335703922015134548e-02
1.514187602226417795e-01
1.578316276623354941e+00
6.685551392493061407e+00
1.212797754877171119e+00
1.071312815503609794e+00
-4.770811175013619509e-01
-1.159454027117994002e-01
-3.344114533385160293e+00
9.311269445862856431e-01
4.707187862860419680e-01
-8.002123292815939148e-01
-9.862221382756199972e-01
2.184495174376234750e-01
2.045303137720104469e-01
-1.081926276644911145e+00
3.494676019403493150e-01
-4.155423831387387162e-02
-2.444406653056801382e+00
-8.913588041352710434e+00
-2.914769806747999348e-01
4.237259375192093946e-01
1.116972499873532254e-01
1.899789943798202430e-01
1.136967159277543438e+00
1.152367197013668410e+00
3.331146162159238089e-01
1.003669039569086374e+00
-2.702670747668332041e+00
3.385823593664182840e-01
6.333902072804372674e-01
-1.636588240994338195e+00
2.360039362997825574e+00
4.521175528683046174e+00
-1.471993972560446506e+00
-2.779160668635144660e+00
-9.016812568556868968e-01
-7.333103309902458955e-01
3.646391519882354881e-01
-5.482190725057175307e+00
9.525870128795066449e-01
1.819233896791494942e+00
-8.971126525696928589e-01
6.002795519922168310e-01
4.528926755692350703e-01
-5.772400636593868484e-01
-1.225033022109832181e+01
8.235475281168687378e-02
-1.899408122148329436e-01
-2.569551661933988651e-02
4.086554174063938283e-01
-1.850554948309845738e-01
-1.317133785407830632e-03
-1.713952849973847670e+00
3.214578000193764051e+00
-1.631767715030136179e+00
-3.178874801490017443e+00
2.765811028067057364e+00
9.690764657334283161e-02
4.085094568374427748e-01
1.493193513492413249e+00
-2.951417525316425428e-01
-1.431259832485895389e+00
-2.335366221245199769e-01
-3.354003869267458082e+00
-3.022364132736870435e+00
1.327364495369098174e+00
-2.101237815175375889e+00
1.115891125954992180e+00
-5.130331434979570338e-01
-1.307457521010011892e+00
-1.110339534607272638e+00
-7.478435229122750716e-01
2.403325903717002721e+00
-1.663902892152941682e-01
-1.104605691974255510e+00
-1.300703579457374720e-02
-1.019104481049290412e+00
4.765983165987932452e-02
-1.482477053195157657e+00
-3.748032688898391918e+00
2.077826818080096005e-01
-1.533559692769975280e+00
1.198119109647314939e+00
-2.717937778053614584e-01
-5.076181300028511645e-01
5.019427748123511668e-01
3.804486880453714082e-01
6.180440645310225634e+00
1.412957055270541940e+00
1.995777154139349419e+00
-4.153398786012157728e+00
-1.203790028316173294e-01
-2.135230770292729230e-01
-7.765186203795252373e-01
-4.756487230244038078e-01
-4.818425866705072225e-01
2.184495174376234750e-01
-1.721314578088616321e+00
-9.194152521737314343e-01
-1.545152198724617731e+00
-6.368617365957586207e-01
1.395391590018821848e+00
-1.998544874195618215e+00
-3.486404605175620897e-01
1.477762667633115035e+00
